4.122265827701148133e-01
-3.025025556061606419e-02
3.694080285893196480e-01
3.404472335793177207e-01
2.669832786312392181e-01
3.959300191868214136e-01
1.481074341839080932e-01
1.163023670240383861e-01
-1.431026723586014023e-02
-1.843228412039453756e-01
2.228777275314019757e-01
7.019438203787330133e-02
2.535892167596837977e-03
-2.073988347200783969e-02
-1.211905355234116077e-01
-1.232783327119437167e-01
-1.752637185758234295e-01
-5.928069335308087245e-02
-7.129395101538409107e-02
-6.349324336082642906e-02
-1.316527914708131297e-01
-7.173962642495058939e-02
4.650412729804945244e-02
5.363558033420069704e-02
3.036436499911308595e-01
3.482383481402314129e-01
-2.237006892375426881e-01
2.565325042576355741e-01
-4.125833056553588479e-02
3.384853586009410886e-01
-1.596526055577738856e-01
-2.147038375763299367e-01
6.874767468903529577e-02
8.003265851889328486e-01
-9.061516135058114707e-02
-5.862910093246614940e-01
-1.266044454974269151e-01
-1.104068406319164836e-01
-1.775052487434873594e-01
-1.752732375609823354e-02
-3.394302137251964391e-02
3.526000235827374540e-01
-8.496800355507526381e-02
-1.710508622565750370e-01
-1.303702009883259960e-01
-2.732092158154490469e-01
-7.056503290095350600e-02
3.651197585118297062e-01
3.588536083329921939e-02
4.992490981097254255e-02
8.320475914658748140e-02
-3.959223147015689809e-02
-1.218671703123412192e-01
7.349072367054731991e-01
-3.437742648762060482e-01
-1.400582496726485437e-01
-4.176674351140944319e-01
-2.559526087413984130e-01
2.048245490516525380e-01
-7.143657875756694031e-02
8.789355955928042363e-02
-1.952942154886167792e-01
-3.320184732763718782e-02
1.483903882031731014e-01
3.138433705032789289e-02
2.579554408967308157e-02
3.028213265436350502e-03
-4.175331625068491592e-02
4.658233469374275376e-02
-4.597061408556801787e-02
1.328842689554391235e-02
-3.287432147294637452e-02
9.579679904363607454e-04
6.710345247248122869e-02
-3.767697262566416499e-03
-3.168978402926375670e-02
-4.248505742254149453e-02
-3.921638989412221110e-02
-4.524886877828039958e-03
-2.023984650806245206e-02
2.866802547885131600e-02
-1.972716011803080094e-02
1.113175374530803313e-01
3.354734414905080619e-03
-2.753396166881565132e-02
6.797278065617862186e-02
-4.663671927815548485e-02
-1.289491132549881909e-02
-2.170548420120932409e-02
-1.313311528695565999e-01
1.014809761845361820e-02
-2.170548420120932409e-02
1.247586276918705682e-02
7.519625286900739544e-03
5.198948540190956313e-02
-3.706284576412521847e-02
-1.825339032775296494e-02
-2.073988347200783969e-02
-4.858073523849235770e-02
7.248950383638133599e-02
2.866802547885131600e-02
3.283096388233035234e-02
4.559576579802118029e-02
-4.199863653151331144e-02
-2.170548420120932409e-02
1.767902394787167208e-02
