-1.375228192603604183e-01
5.277530936772523856e-02
-8.737593036178294137e-02
-1.266394815821010045e-01
-9.924286405315080328e-02
-1.199192083826395583e-01
-2.684627126485948992e-02
8.838134310733639434e-03
1.363623705577988315e-02
2.587092386649582007e-02
-8.474868886713718408e-02
-2.927463309327048638e-02
-6.970390172926306874e-03
1.783430165545698762e-02
6.309020272814226671e-02
3.818647245538472901e-02
5.334204420240064304e-02
3.942136824802458528e-02
3.580595226925267771e-02
2.337255476359318893e-02
4.071337912092596462e-02
6.571364465535137200e-02
-6.693322730048450325e-03
1.285719683964455309e-02
-1.110627595529300737e-01
-7.082944412765558584e-02
8.101840581774918948e-02
-1.235001230819449125e-01
-2.184306648820815919e-02
-9.785384124294585484e-02
2.785134056809560402e-02
3.308961269359064761e-02
-2.753396166881519683e-02
-2.182272396844249229e-01
6.539769086916312653e-03
1.723779215122472064e-01
4.741023050552504309e-02
4.670291807863826555e-02
5.602855900522851068e-02
-1.752732375609853538e-02
6.077631296433228664e-03
-1.448401784985073604e-01
7.370892462157670189e-02
3.352908244970020241e-02
7.344699111747560183e-02
7.691592110597476883e-02
-3.070368593785745628e-02
-1.227972575051168858e-01
-1.234392315314727581e-02
-7.381220166557113556e-03
-2.369308862612076391e-02
1.942990967225011537e-02
6.382262771197801110e-02
-1.895374391906310130e-01
8.107459927976322367e-02
1.592224020325993042e-02
1.046865582029519598e-01
1.077278225748492246e-01
-7.569948395022528531e-02
7.917964538880438094e-03
-1.331767125014310729e-02
6.259334752001706470e-02
5.330388820302262888e-03
-4.936082223689815945e-02
-7.245761956352387775e-03
-8.658856233719989040e-03
-2.601027732710294374e-02
3.499021588247198944e-02
-1.556596741573864143e-02
6.326061026925703865e-03
8.824194423292679168e-02
-2.087850349195528518e-02
-1.180184016335893323e-02
-1.356348131394859505e-02
-4.657183520221067768e-02
-3.168978402926365956e-02
5.179791914282227266e-02
-1.879355193374647459e-02
-4.524886877828039090e-03
-4.766601196815314022e-04
7.485266646920946468e-03
-1.972716011803055114e-02
-5.272718211910577650e-03
-2.326580045322930793e-02
1.531466340051738494e-03
-1.188421746200605394e-02
-2.945241833450444602e-02
-2.499880853137270015e-02
3.358401353128988298e-02
6.164623964893106017e-02
4.409014554456828355e-02
1.515418095378846287e-02
-4.633562581089155884e-03
-1.086661236003506718e-02
-1.379584849535038862e-02
6.149087678888852382e-03
4.946005067095827351e-02
-1.452790908275567198e-03
-2.383118875602412839e-02
7.366066766509999676e-03
-8.652960313833175932e-03
1.050306166655264224e-02
-9.828896120363597722e-03
2.476108673408655356e-02
-2.170548420120809938e-02
-1.487188873656495811e-02
